<?xml version="1.0"?>
<opencv_storage>
<calibration_time>"ven 04 ott 2019 10:46:35 CEST"</calibration_time>
<nr_of_frames>39</nr_of_frames>
<image_width>800</image_width>
<image_height>600</image_height>
<board_width>9</board_width>
<board_height>6</board_height>
<square_size>25.</square_size>
<fix_aspect_ratio>1.</fix_aspect_ratio>
<!-- flags: +fix_aspectRatio +fix_principal_point +zero_tangent_dist +fix_k4 +fix_k5 -->
<flags>6158</flags>
<fisheye_model>0</fisheye_model>
<camera_matrix type_id="opencv-matrix">
  <rows>3</rows>
  <cols>3</cols>
  <dt>d</dt>
  <data>
    6.5222923030898960e+02 0. 400. 0. 6.5222923030898960e+02 300. 0. 0.
    1.</data></camera_matrix>
<distortion_coefficients type_id="opencv-matrix">
  <rows>5</rows>
  <cols>1</cols>
  <dt>d</dt>
  <data>
    -2.5514708304553446e-01 1.6460654606776738e-02 0. 0.
    -1.2646364117193410e-02</data></distortion_coefficients>
<avg_reprojection_error>9.0096149360330324e-01</avg_reprojection_error>
<per_view_reprojection_errors type_id="opencv-matrix">
  <rows>39</rows>
  <cols>1</cols>
  <dt>f</dt>
  <data>
    1.52592862e+00 8.65211964e-01 1.30338800e+00 9.30037439e-01
    8.04986715e-01 7.70877481e-01 6.77370727e-01 6.60205305e-01
    7.62925804e-01 9.68372285e-01 1.36512482e+00 1.40704274e+00
    1.25854707e+00 1.11013675e+00 7.48951674e-01 7.24799037e-01
    7.86887407e-01 8.16887259e-01 8.29544723e-01 6.71168804e-01
    6.06097043e-01 6.82337880e-01 6.70204878e-01 7.82703519e-01
    7.36140251e-01 7.45993257e-01 7.86022127e-01 1.07703447e+00
    9.87208128e-01 8.44649613e-01 8.58587563e-01 8.20449471e-01
    7.50386834e-01 7.79564679e-01 7.48564363e-01 6.47130907e-01
    7.26267695e-01 8.10572743e-01 9.92552221e-01</data></per_view_reprojection_errors>
<!-- a set of 6-tuples (rotation vector + translation vector) for each view -->
<extrinsic_parameters type_id="opencv-matrix">
  <rows>39</rows>
  <cols>6</cols>
  <dt>d</dt>
  <data>
    -2.2072975731391720e-02 -2.6072505775798321e-01
    -2.1506867585324754e+00 3.9519652687147051e+00
    1.1241289369235093e+02 3.4926225931661281e+02
    -8.8321174479188455e-02 -2.6121075440630537e-01
    -2.1483136988875566e+00 1.3960730391294138e+02
    4.6681868602420721e+01 4.8330828047482919e+02
    -1.0788406072110761e-01 -2.6003048882438667e-01
    -2.1405257868103464e+00 1.0827696374020209e+02
    1.9050925506029884e+02 4.7080684899256886e+02
    -1.1021251483887974e-01 -2.6483310058111820e-01
    -2.1413124002397339e+00 1.7556639521587564e+02
    7.9559046643749213e+01 4.8799256652199603e+02
    -3.6792006744981932e-02 -2.5999518974035163e-01
    -2.1546319151926370e+00 2.5902857566309997e+01
    3.5956748022078049e+00 5.0888049061627481e+02
    -2.0289568054047656e-02 -2.5157781735273210e-01
    -2.1562670250762399e+00 2.4546461427117467e+01
    1.3109364538266165e+01 5.5470622210378747e+02 3.9164545134883690e-02
    -2.5620364483396380e-01 -2.1536279174842097e+00
    -6.0359289115743813e+01 6.9007493495919093e+01
    5.4700473244571492e+02 3.2740606149852254e-02
    -2.0131952115134033e-01 -2.1487609543839770e+00
    -1.7048013359210705e+02 1.4066781974590941e+02
    5.3130315702024313e+02 3.8784226694172794e-02
    -1.4698076358330681e-01 -2.1477432993419390e+00
    -1.7394179017911182e+02 2.1750596943419552e+02
    4.9797977974122580e+02 4.1684043507234099e-02
    -2.6559465173776664e-01 -2.1490509592229565e+00
    -5.4361193938252860e+01 1.3909086443568557e+02
    5.0903168059062494e+02 -7.1464096485874207e-02
    -2.9400594084728754e-01 -2.1409359829877701e+00
    5.9039206934421976e+01 1.9525201481182870e+02 4.9604579294579025e+02
    -4.4935879628859879e-02 -2.6228458195676185e-01
    -2.1491671802767067e+00 3.6405077132937571e+01
    1.1355955626576258e+02 3.7599246186017950e+02
    -6.6197240776360231e-02 -1.3900362400259897e-01
    -1.5992273882058414e+00 -9.6270316184375716e+01
    9.8223564342982982e+01 3.8513949748700725e+02
    -4.1057178717123603e-02 -1.6285060840099369e-01
    -1.5986626515637998e+00 -1.0234212720174460e+02
    1.2887821486938878e+02 5.3434236528967017e+02
    -7.8419574432442102e-02 -1.7319499820769765e-01
    -1.5994942867422748e+00 9.1518882115521663e+01
    1.2242464420446682e+02 5.3248093255994752e+02
    -9.2069567330768723e-02 -1.6209229563243974e-01
    -1.6099714577279778e+00 8.7275773430501417e+01
    -3.7302834798295827e+01 5.6553166476732974e+02
    -7.9961501449212657e-02 -1.5911668904231638e-01
    -1.6065967383043707e+00 2.8860358401772547e+01
    -3.5970580561779641e+01 5.6728177449232021e+02
    -6.2608600847640875e-02 -1.4624680363734863e-01
    -1.6041016950975611e+00 -4.3523872787268438e+01
    -3.4381577437947016e+01 5.7037293043254806e+02
    -8.1859262795969084e-02 -1.5175799106244542e-01
    -1.5954626289718057e+00 -1.4987171350971278e+02
    -3.1431435329820214e+01 5.6098137520571879e+02
    -8.5403186020908670e-02 -1.6669454283109114e-01
    -1.5914915032619910e+00 -2.2832556783839783e+02
    -2.9048264321438587e+01 5.5040972989262264e+02
    -8.0622159932593973e-02 -1.9971812726644589e-01
    -1.5908218088378212e+00 -3.0011961185051524e+02
    -2.6507373529622406e+01 5.3504761869088554e+02
    -8.0661769375839493e-02 -2.1090792533860600e-01
    -1.5920576200148848e+00 -3.1533184492786029e+02
    -2.5797029087415396e+01 5.2999093054268508e+02
    -7.1099351901064589e-02 -2.0174768602218593e-01
    -1.5975306639710662e+00 -3.1216778415323290e+02
    5.0901413047357572e+01 5.1757288931848666e+02
    -8.5897867845000763e-03 -2.0009280775240088e-01
    -1.6033131471518194e+00 -3.0705108846116025e+02
    2.3351921955129214e+02 4.9802024132191889e+02
    -3.9808187102823654e-02 -1.6722449854475635e-01
    -1.6036412051631193e+00 -2.5422099691102443e+02
    2.3210222543305710e+02 5.0695259403676238e+02
    -9.5986257618561638e-02 -1.3008279431985817e-01
    -1.6053776135724285e+00 -1.7065473658509174e+02
    1.9619991822411239e+02 5.2038774181606129e+02
    -7.9799149961127733e-02 -1.2812536788999485e-01
    -1.6052648195946078e+00 -1.6965236299577029e+02
    2.2755694027301260e+02 5.1785728895724594e+02
    -8.6890026099121831e-02 -1.3152895612448401e-01
    -1.6035088289549031e+00 -9.3981281812095546e+01
    2.2535950503777067e+02 5.2340891217397007e+02
    -6.3111125635530757e-02 -1.7110885695098696e-01
    -1.5953657056939949e+00 -1.9794296012388958e+01
    2.2213379756243100e+02 5.2198358062505849e+02
    -8.8062959164117591e-02 -1.5609954179111177e-01
    -1.5937249835417173e+00 7.1631845737121495e+01
    2.1916658851324519e+02 5.2344183013254963e+02
    -8.6244277628334073e-02 -1.5234359066950079e-01
    -1.5943454764987033e+00 7.0436612378368849e+01
    2.1869448352391561e+02 5.1877703643616474e+02
    -1.1862121649430954e-01 -1.2879127152667624e-01
    -1.5929801968203992e+00 1.4353699709895679e+02
    2.2273290263301246e+02 5.1902550715236816e+02
    -1.4849111257805206e-01 -1.0905193957689123e-01
    -1.5903130602508384e+00 1.9416625284672261e+02
    2.2106393753040567e+02 5.1812874610030929e+02
    -1.4516737485355127e-01 -1.2657532304264951e-01
    -1.5919985888255530e+00 1.9123678694729134e+02
    1.7666131160908932e+02 5.1891644184176721e+02
    -1.3254738067967808e-01 -1.4889017320057463e-01
    -1.6021631557582996e+00 1.8601840007768516e+02
    4.8855389616101448e+01 5.3445859138145261e+02
    -1.3644417826856378e-01 -1.6161582646641195e-01
    -1.6103628563361900e+00 1.8407456927980780e+02
    -6.0226720354722787e+01 5.5689414303613194e+02
    -6.8514701110743079e-02 -1.5904157451344622e-01
    -1.6052340198477590e+00 2.7213243300657197e+01
    4.2262682543028262e+01 5.4530376710397229e+02
    -2.1331082561948916e-02 -1.3605531586312941e-01
    -1.6019957920345920e+00 -8.2364282658812556e+01
    4.5962393238335153e+01 5.5219975615947135e+02
    -5.8788388299996740e-02 -1.3229270533807475e-01
    -1.6015298453059896e+00 -8.5024380025451961e+01
    -1.5983266789840373e+01 5.6282976531511747e+02</data></extrinsic_parameters>
